· PRAEFATIO. mu

opere 3313143113 1. 2, 8. 3, 11. 6, 20. 19, 87.
29, 93. 23,109. 27,123. 125. 35, 162. ΙΙ.
7, 29. 8, 33. 15, 64. 29, 86. 28, 124. 36, 152.
38, 158169. 41,174. 42,178. 44,186. 47,
> 194. 58,235. 61, 259. 67, 271 bis. 78, 319.
79, 322. 83, 338. 90, 367111. 14, 54. 16,
69. 61. 21, 80. 28, 169. 34, 138. 38, 153.
39, 157. 43,171. 56, 214. Huc pertinent etiam
153113311331111111131131141 adiuti, quales 311111 1. 11, 45.
37, 158. 52, 224. 11.14,69. 19, 77. 39, 166.
57, 231. 311215. 33, 253. 253. 37, 271. 37,
356. 111. 19, 72. 31,125. 43, 171. 52, 209. ·
· 291. 0161113111νε1113111111331113111313111113111111311 et
partim defendi mutatum I. 15, 69. 18, 81. 82.
29, 92. 26, 121. 28, 127. 49,184. 43, 193.
Π.1, 1. 6,25. 8, 32. 34. 22, 93. 49, 291.
51, 233. 51, 213. 213. 57, 231. Ι53, 237. 75,
396. 90, 366. ΙΠ. 1, 2. 2, 8. 34, 139. 37, 148.

Interpolationis autem et additamenta subdititia partim

codicum scriptorum ope indicavi et seclusi Ι. 4, 13.
7, 25. 26. 26, 122. 57, 241. 59, 251. 11. 3, 13.

5, 21. 8, 36. 13, 54. 57. 14, 60. 16, 69.

5 22, 91. 23, 33. 21, 133151. 23121. 35119.
j 39,154. 41, 171. 17, 137. 133133. 511231.
1 53, 213. 73, 233. 71, 3112. 75, 505. 75, 357.

 

