11111111. · sss

[11111111111101111138137. 11. 13, 53. 31, 133. 111. 16, 161.
Beuevqus 1111111ωοὶ11, non benivolus 111.111111111(111111 11.17,73.

(i.

01111111, Coelius 1. 35, ,1175 ·

Carilsapo, Curiupu 11. 18, 75.Ἰ

0111111 11 sentio 1111111111 1. 35, 113. 18, 369.

Centho, 0111111. 71, 386.

centumviri 11161111111111111111111111 11. 33, 98.

011111111111111111111111. 16, 183. ΙΙ. 73, 396.

Ceteri caeteri 11111111. 3, 13.

011111111101111111111111111111.11,15.18,81. 36,93.

01111111 eboricus creticus confusa 111. 56, 193.

Chrysippus, Speusippus Leucippus confusa 111. 18, 67.

Cicero emendatus in 1111111 de Oratore 1. 3, 8. 13, 58. 19, 87.
33, 163. 33, 1691111. 37,133.135. 31, 137. 35, 163. 36,167.
11. 3, 6. 6, 33. 7, 39. 8, 33. 11,63. 15, 61. 36, 86. 33, 91.
35,166. 36,153. 38,158.166. 11, 171. 17,191. 56, 361.
55, 333. 67, 371 bis. 73, 391. 71, 399. 77, 313. 78, 319. ’
79, 333, 83, 338. 81, 311. 96, 367. 111. 11, 51. 16, 66. 61
,19,71. 31, 86 38, 1691111. 31, 138. 36, 111. 38, 153. 36, 157.
158. 13, 171. 19, 191. 53, 361. 56, 311 58, 319.

0111111111 11 declamator 1111111111 11. 36, 86.

0191111111 1111111111 confusa 111. 15, 179.

01111111 1111111111 ii. 39, 138.

0111111111 11 coniectus 1011111111 111. 33, 135.

eommovere 11 summouere confusa 11. 69, 333.

, Composita Graeca 11111111 11 ἀρᾶσθαι expositu 1111111111 111.
31, 139.

Composita a praepositionibus 1111 11111111111.11,177.11,185.
ab 11111 cum simplicibus 11. 55, 335.

0111111111111111111111.18,199.

01111111111111161111111111111111, 17. 35,111.111.9,36. i

01111110111111,66,356.

01111111. 13, 189. ”

011111111111 st indicativus 1111111111. 11, 18. 11. 31, 161. 37,118.
39, 137. 39, 166. 11, 176. 51, 311. 56, 339. 66, 317. 63, 356.
0111111111111 imperfecti 11 praesentis confusi 1117, 161. 01111-
11111111111 potentialis pro obliquo 11111111111111111111. 51, 331,
86, 335.

 

